Title	home	didn	cut	put	driving	used	video	batteries	great	china	power	buying	say	year	saying	next	electric	s	look	might	u	people	bolt	really	got	don	model	see	charge	like	years	solar	energy	please	technology	want	oil	lot	range	right	would	design	t	green	etc	could	available	still	leaf	future	never	need	speed	carbon	thing	real	mile	drive	back	better	maybe	ice	get	motor	much	best	can	gas	old	actually	two	hybrid	time	coal	keep	last	even	ones	it	free	petrol	long	make	world	work	companies	doesn	way	fuel	without	charging	plus	vehicle	add	powered	going	run	big	industry	they	using	every	know	point	bad	mpg	less	others	good	government	fiat	price	us	car	new	per	think	that	buy	live	market	also	due	volt	chargers	cost	miles	money	use	you	country	vehicles	engine	battery	love	makers	electricity	started	well	pay	cars	around	go	many	far	top	one	soon	costs
Tech Primer: Why 12-Volt Batteries in Electric Cars Get Sick -- And How To Keep Yours Healthy	0	2	0	2	3	2	0	11	0	1	0	0	0	4	0	0	1	9	0	2	0	0	0	1	1	4	0	0	4	5	8	9	2	1	0	0	0	1	2	0	4	0	13	0	0	0	1	3	11	0	3	6	0	0	1	0	1	3	1	3	0	4	5	2	2	1	1	0	4	2	0	0	1	0	6	3	3	0	5	0	0	4	3	0	4	0	2	3	0	1	4	1	3	0	1	0	3	1	0	1	1	2	2	0	0	0	3	0	2	0	1	0	0	10	3	0	3	2	1	0	0	1	2	6	2	1	0	0	4	0	0	1	0	41	0	0	0	2	2	1	3	1	1	0	4	0	5	1	0
Koch Brothers Declare War On Electric Cars	0	0	3	1	0	0	0	0	1	0	1	1	1	0	0	0	17	6	0	0	0	5	0	0	0	1	0	0	0	6	0	2	4	0	2	3	3	1	0	1	1	1	3	0	0	0	0	0	0	1	0	0	0	0	1	0	0	1	0	0	1	0	3	0	0	0	2	0	0	0	0	2	0	2	0	0	0	1	2	0	0	0	1	1	0	1	0	1	0	0	0	1	3	0	3	1	0	3	2	6	1	0	0	0	1	0	3	0	0	0	0	0	0	4	0	0	3	1	0	0	0	3	0	0	0	0	1	4	2	1	0	1	0	0	0	0	1	0	0	0	7	2	2	0	1	0	2	0	0
1,360-HP NIO EP9 - The Worlds Fastest Electric Car (1-MegaWatt of Power)	0	0	0	1	2	0	0	3	1	0	2	0	1	0	0	0	4	1	0	0	3	0	0	0	0	1	0	1	0	4	0	0	0	0	0	1	0	0	0	1	2	1	1	0	0	0	0	2	0	1	0	0	0	0	1	1	1	0	0	0	0	1	0	0	0	1	0	0	0	0	1	0	1	0	0	0	1	0	0	1	0	0	1	2	0	0	0	0	1	0	0	0	1	0	1	0	1	0	0	0	0	1	1	0	0	0	0	0	1	0	0	0	2	4	0	0	0	0	0	0	0	0	0	0	0	0	0	0	0	0	0	0	2	1	2	0	0	0	0	0	0	0	0	0	1	0	3	0	0
TOP 5 FUTURE ELECTRIC CARS - CES 2017	0	0	0	0	0	0	0	0	0	0	0	0	0	0	0	0	0	0	0	0	0	0	0	0	0	0	0	0	0	0	0	0	0	0	0	0	0	0	0	0	0	0	0	0	0	0	0	0	0	0	0	0	0	0	0	0	0	0	0	0	0	0	0	0	0	0	0	0	0	0	0	0	0	0	0	0	0	0	0	0	0	0	0	0	0	0	0	0	0	0	0	0	0	0	0	0	0	0	0	0	0	0	0	0	0	0	0	0	0	0	0	0	0	0	0	0	0	0	0	0	0	0	0	0	0	0	0	0	0	0	0	0	0	0	0	0	0	0	0	0	0	0	0	0	0	0	0	0	0
12 Best Electric Cars with the Longest Driving Range	0	0	0	1	2	1	1	1	2	0	1	1	2	2	0	0	5	2	1	0	0	0	1	1	1	0	0	1	2	4	2	0	1	0	0	0	0	0	9	0	6	0	1	0	0	1	1	0	0	0	0	1	0	0	1	1	2	1	0	2	0	0	1	1	1	1	1	0	0	0	3	1	1	0	2	0	1	0	0	0	0	1	1	0	0	0	0	1	1	1	0	0	2	0	0	2	0	3	0	1	0	0	0	1	0	0	1	1	1	0	0	1	0	5	0	1	0	0	0	0	0	2	1	0	0	1	3	0	1	0	0	3	0	2	0	0	0	0	0	0	5	0	2	0	0	0	2	0	0
COLORS CARS KIDS Learn Colors w SuperHeroes drive Electric Cars Spiderman Cartoon Nursery Rhymes	0	0	0	0	0	0	0	0	0	0	0	0	0	0	0	0	1	0	0	0	0	0	0	0	0	0	0	0	0	0	0	0	0	0	0	0	0	0	0	0	0	0	0	0	0	0	0	0	0	0	0	0	0	0	0	0	0	1	0	0	0	0	0	0	0	0	0	0	0	0	0	0	0	0	0	0	0	0	0	0	0	0	0	0	0	0	0	0	0	0	0	0	0	0	0	0	0	0	0	0	0	0	0	0	0	0	0	0	0	0	0	0	0	0	0	0	0	0	0	0	0	0	0	0	0	0	0	0	0	0	0	0	0	0	0	0	0	0	0	0	2	0	0	0	0	0	0	0	0
Electric Car Roundup from the 2017 Detroit Auto Show: Comprehensive Guide	0	0	0	0	0	1	0	1	0	2	0	0	1	1	1	0	11	4	3	0	0	1	3	0	2	2	0	1	0	4	3	0	0	0	0	2	0	0	2	1	2	3	5	0	1	0	0	0	3	1	0	0	0	0	1	0	2	0	0	0	1	0	3	0	1	0	1	1	1	0	0	0	0	0	0	0	2	0	3	0	0	2	0	0	1	1	2	4	0	0	0	0	0	1	0	0	1	2	0	0	0	0	1	1	0	0	1	0	1	0	0	1	0	5	3	0	0	1	0	1	3	0	0	1	0	0	1	0	0	3	0	4	0	0	0	0	0	0	2	0	4	0	3	0	0	0	3	0	0
Why BMW Is Going All in With Electric Cars	0	0	0	0	0	0	0	0	1	1	0	0	0	0	0	0	7	2	4	0	0	0	0	1	1	0	2	0	0	6	1	0	0	0	0	0	0	1	0	0	2	1	1	0	0	0	0	0	0	0	0	1	0	0	0	0	0	1	0	3	1	0	0	0	1	0	0	1	0	0	0	0	2	0	1	0	0	2	1	0	0	0	3	0	0	1	0	0	0	0	0	0	0	0	1	1	1	1	0	1	0	1	0	0	2	0	0	0	1	0	0	1	0	6	3	0	0	1	0	0	0	0	0	0	0	0	1	0	0	0	0	0	0	0	0	0	0	2	1	0	2	0	0	0	0	0	1	0	0
Tesla Motors: The Future of Electric Cars - Documentary	0	1	0	0	0	0	0	0	2	0	2	0	0	0	0	1	2	3	1	0	0	6	0	2	0	2	2	1	0	3	0	0	0	0	2	1	0	0	0	0	2	0	4	0	0	0	0	0	0	1	0	3	1	0	1	0	0	2	2	1	0	0	2	0	2	1	0	1	0	0	0	0	4	0	0	0	1	0	1	0	0	0	0	0	1	0	0	0	0	1	0	0	4	1	0	3	3	0	0	1	1	0	0	0	0	0	1	0	0	0	0	0	0	4	0	2	1	0	0	0	1	0	0	0	0	1	4	2	0	0	0	0	0	2	0	0	0	0	1	0	4	2	1	1	0	0	1	0	0
Five Electric Cars That Want to Kill Tesla	0	0	0	1	0	0	2	0	0	0	0	1	0	1	0	0	5	0	1	0	1	0	0	3	0	1	4	0	1	3	2	0	0	0	0	1	0	0	2	0	2	0	5	0	0	0	0	3	0	0	2	0	0	0	0	0	4	0	0	1	0	0	0	1	0	0	0	0	0	0	0	1	0	0	0	0	0	0	1	0	0	0	2	1	0	1	1	0	1	0	0	0	0	0	0	2	2	0	0	1	0	0	1	0	0	0	0	0	2	0	2	0	0	2	0	1	0	2	0	0	0	0	0	0	0	1	0	1	2	0	0	0	0	0	0	0	0	0	0	0	4	0	1	0	0	1	0	0	0
Reasons To Lease Over Buying An Electric Car	1	0	0	1	0	1	0	0	0	0	0	1	0	0	0	0	4	4	0	0	0	0	0	0	1	3	0	0	1	1	0	0	0	0	0	0	0	0	2	0	1	0	4	0	0	0	0	3	1	0	0	1	0	0	0	0	0	1	0	0	1	0	0	0	1	0	0	4	0	0	0	0	0	0	0	1	1	0	3	1	0	1	0	0	1	0	1	0	0	1	1	0	0	0	0	1	0	0	0	0	0	0	0	1	3	0	0	0	0	0	0	0	0	4	1	0	2	1	1	0	0	1	0	2	0	1	5	0	0	0	0	1	0	6	1	0	0	0	0	0	7	2	0	0	1	0	0	0	0
Electric cars aren't just for golfing any more (Next Big Thing)	0	0	0	0	1	0	0	0	1	0	0	0	0	0	0	2	6	3	0	0	0	1	0	0	0	2	0	0	1	1	0	4	0	0	1	1	2	0	0	0	1	0	5	0	0	0	0	0	1	2	1	3	0	0	3	0	0	0	2	0	0	0	1	0	1	0	1	0	0	0	0	0	1	0	0	1	1	0	3	0	0	0	1	2	0	1	0	0	0	0	2	0	1	2	0	0	2	3	0	0	0	0	0	0	0	0	0	0	0	0	0	0	0	0	1	0	1	0	0	1	0	1	0	0	0	2	0	0	0	0	0	0	1	1	0	0	1	0	0	0	8	0	2	0	1	0	1	0	0
10 Best Electric Cars to Buy in 2017 (Technical Specifications and Top Prices Compared)	2	3	0	1	0	1	7	1	3	0	0	0	0	1	0	1	7	2	0	1	0	1	5	1	1	1	5	0	7	3	2	0	0	1	2	1	0	0	21	0	3	0	8	0	0	2	5	1	8	3	1	3	2	0	0	6	4	1	0	0	0	0	6	0	1	3	2	0	0	0	0	0	6	0	1	2	1	1	1	0	0	4	3	1	2	0	0	1	1	0	5	0	2	1	0	0	0	0	0	0	1	0	5	0	0	1	0	2	2	0	2	0	1	0	3	3	0	0	3	0	1	1	0	5	2	1	13	0	1	1	0	3	0	2	0	5	0	0	0	0	8	0	4	2	0	2	3	3	0
How Electric Vehicles Work - the technology underlying an EV	0	0	0	0	0	0	2	0	0	0	1	0	0	0	0	0	3	2	0	0	0	1	0	0	0	0	2	0	1	0	0	0	0	0	1	1	0	0	0	0	2	0	1	0	0	2	0	0	0	0	0	0	1	0	0	0	0	0	0	0	1	0	1	0	2	0	1	0	0	0	0	0	0	0	0	0	1	0	1	0	0	0	1	0	1	0	0	2	0	0	0	0	2	1	0	0	0	0	0	0	1	0	0	0	0	0	0	0	0	0	0	0	0	3	0	0	0	0	0	0	0	0	0	0	0	0	0	0	1	2	0	1	0	0	0	0	0	0	1	0	0	0	0	0	0	0	0	0	0
Revenge of the Electric Car: Documentary Full 1080p HD	0	1	0	0	1	0	0	1	1	2	1	0	2	2	0	0	3	4	0	0	0	1	1	0	0	0	1	2	0	2	0	0	1	0	1	2	0	1	1	0	0	0	5	0	0	1	0	1	2	0	0	0	1	0	0	1	0	0	0	0	2	1	1	0	0	0	1	0	2	1	0	1	0	0	0	0	4	1	0	0	0	1	2	0	0	0	1	1	1	2	1	0	1	0	0	1	0	2	1	0	1	1	1	0	0	0	1	0	4	0	0	1	1	2	1	0	0	1	0	0	0	1	0	0	0	1	1	1	1	0	0	0	0	4	4	0	1	0	1	0	1	1	0	1	0	0	0	0	2
Top 10 Fastest Electric Cars	0	0	0	0	1	2	1	2	0	0	1	0	0	0	0	0	6	4	1	2	0	0	0	0	1	1	8	3	0	2	0	0	0	0	0	1	1	0	1	0	3	0	1	0	0	0	0	0	0	2	0	1	3	0	0	1	0	0	0	0	0	0	0	1	0	1	0	3	0	0	0	0	1	0	0	0	0	0	5	0	0	1	0	1	0	2	0	0	0	0	0	0	0	0	0	0	0	0	0	0	0	1	0	0	1	0	0	0	0	0	0	2	1	7	1	0	0	2	2	0	0	1	0	0	0	0	0	1	0	0	0	0	0	3	0	0	0	0	0	0	2	0	1	0	0	4	2	0	0
10 Coolest Asian Electric Cars 2016	0	0	0	0	0	0	0	0	0	0	0	0	0	0	0	0	2	2	3	0	0	0	0	0	0	0	0	1	0	2	1	0	0	0	0	0	0	0	0	0	0	0	0	0	0	1	1	0	0	0	0	0	0	0	1	0	0	0	0	0	0	0	0	0	1	0	0	0	0	0	0	0	0	0	0	0	0	0	0	0	0	0	1	0	0	0	0	0	0	0	0	0	0	0	0	0	0	0	0	0	0	0	0	0	0	0	0	0	0	0	0	0	0	1	0	0	0	0	1	0	0	0	0	0	0	0	0	0	0	0	0	0	0	0	0	0	0	0	0	0	5	0	0	0	0	0	1	0	0
5 Best Electric Cars	0	1	0	1	0	1	2	0	0	0	0	0	0	0	1	0	11	3	0	0	0	0	0	2	0	4	1	0	1	3	0	0	0	2	0	1	1	0	3	1	0	1	6	0	0	0	0	0	1	0	0	1	0	1	0	1	0	0	0	0	0	0	0	0	0	5	0	0	0	0	0	1	1	0	0	0	2	0	3	0	0	2	2	1	0	0	0	0	1	0	2	0	1	0	0	1	0	0	0	0	0	0	0	0	2	0	1	1	1	0	0	0	0	7	0	2	0	0	0	0	0	0	2	0	0	0	1	0	1	0	0	1	0	1	0	0	0	0	1	0	5	0	0	0	0	4	0	0	0
Are Electric Cars Actually Better For The Environment?	2	1	0	0	0	0	2	2	0	0	5	3	1	0	1	0	6	4	0	0	2	3	0	1	1	4	1	0	4	0	1	2	7	0	0	2	7	1	1	0	1	0	8	1	1	1	0	1	1	1	0	2	0	0	0	0	1	3	0	2	0	0	4	1	1	0	1	5	0	1	0	0	0	2	0	2	3	0	6	1	2	0	2	1	0	1	2	2	2	0	2	2	2	0	2	0	0	0	0	1	5	0	2	1	0	2	0	0	1	2	0	0	0	2	1	1	0	0	0	0	1	1	0	0	0	1	2	1	3	1	0	0	3	2	1	0	6	0	0	2	10	2	1	1	0	0	0	3	0
How electric cars are taking over Norway's roads	0	0	0	0	1	0	0	0	0	0	0	1	0	0	1	0	3	4	0	0	0	0	0	1	0	0	0	0	0	0	1	0	0	0	0	0	2	0	0	0	1	0	1	1	0	0	0	0	1	0	1	0	0	0	0	0	0	0	2	0	0	0	0	0	1	0	0	1	0	0	0	0	0	0	0	0	0	0	2	0	0	0	0	1	0	0	1	0	1	1	0	0	0	0	0	1	0	0	0	0	0	0	1	0	0	0	0	0	1	0	0	0	1	2	0	0	0	0	0	0	0	0	0	0	0	0	0	1	0	0	1	0	0	0	1	0	0	0	0	0	4	0	0	1	0	0	0	0	2
RC Electric Cars Race -     - Part 2	0	0	0	0	0	0	1	0	0	0	0	0	0	0	0	0	1	0	0	0	0	0	0	0	0	0	0	1	0	2	0	0	0	0	0	1	0	0	0	0	0	0	0	0	0	0	0	0	0	0	0	1	0	0	0	0	0	2	0	1	0	0	0	0	0	0	0	0	0	0	0	0	0	0	0	0	0	0	0	0	1	0	0	0	0	0	0	0	0	0	0	0	0	0	0	0	0	0	0	1	0	0	0	0	0	0	0	0	0	0	0	0	0	2	1	0	0	0	0	0	0	0	0	0	0	0	0	0	0	0	0	0	0	0	0	0	0	0	0	0	2	0	0	0	0	0	1	0	0
Can't Wait for the Tesla Model 3: Top 5 Electric Cars You Can Buy Today	1	0	0	0	1	2	4	1	1	0	1	0	0	0	0	1	6	4	0	0	0	1	0	1	1	7	2	1	2	2	0	0	0	0	0	3	0	0	3	2	1	0	9	0	0	1	0	0	4	0	0	2	0	0	0	2	1	1	0	6	2	0	1	0	2	2	2	2	1	0	0	3	2	0	0	0	1	0	3	0	0	0	0	0	0	1	0	1	1	0	0	1	0	0	0	2	1	1	0	0	0	1	1	1	0	0	1	0	1	0	0	1	3	9	1	0	1	0	3	2	1	0	0	2	0	0	4	0	0	1	1	0	1	1	0	0	1	1	0	0	6	1	0	0	0	1	3	0	0
Electric Cars Could Wreak Havoc on Oil Markets Within a Decade	0	0	0	0	0	0	2	1	2	1	2	0	0	4	0	1	12	6	2	0	0	5	0	2	0	0	3	2	0	3	7	2	1	0	1	3	23	4	0	0	12	0	3	1	0	4	0	2	0	0	3	2	0	0	4	2	0	2	2	2	0	0	2	0	3	0	0	5	1	0	2	0	1	0	0	0	4	3	3	1	2	1	3	4	2	4	1	0	2	1	2	0	0	0	0	2	2	1	0	0	0	3	1	2	0	1	0	1	1	0	0	4	6	6	3	4	2	1	1	2	4	5	2	0	0	1	1	3	3	0	3	0	1	7	0	0	1	0	0	1	17	3	2	2	0	0	2	0	1
Are Electric Cars Really Green?	0	0	0	1	1	2	4	1	0	0	5	0	0	1	0	0	10	2	0	0	0	4	0	3	0	1	1	0	0	1	0	1	8	0	0	1	3	1	0	0	6	0	4	5	0	3	0	2	0	0	0	0	0	0	1	1	0	0	0	2	1	1	4	0	1	0	0	3	0	0	0	0	1	6	0	0	1	0	2	0	0	2	3	0	0	0	1	0	3	0	0	0	0	0	3	1	2	1	2	0	0	1	1	1	0	0	1	0	2	0	0	0	3	5	0	0	0	1	0	0	0	2	1	0	0	0	2	0	3	1	1	0	0	1	0	0	7	0	0	0	13	0	1	3	1	0	0	0	0
10 Power Wheels Collection, Kids Cars, Electric Vehicles, SporTrax, Kid Trax F150 Porsche 911	0	0	0	0	0	0	0	0	0	0	1	0	0	0	0	0	1	0	0	0	0	0	0	0	0	0	0	0	0	1	0	0	0	1	0	2	0	0	0	0	0	0	1	0	0	0	0	0	0	0	0	0	0	0	0	0	0	0	0	0	0	0	0	0	0	0	1	0	0	0	0	0	0	0	0	0	0	0	0	0	0	0	0	0	0	0	0	0	0	0	0	0	0	0	0	0	0	0	0	0	0	0	0	0	0	0	0	0	0	0	0	0	0	1	0	0	0	0	0	0	0	0	0	0	0	0	0	0	0	0	0	1	0	0	0	0	0	0	0	0	1	0	0	0	0	0	1	0	0
TOP 5 UPCOMING ELECTRIC CARS 2017	0	0	0	1	0	0	3	0	0	0	0	0	0	0	0	0	3	2	0	0	0	0	1	1	1	1	0	2	0	1	0	0	0	0	0	0	0	0	0	0	1	0	1	0	0	1	1	1	0	0	0	0	1	0	0	0	0	1	0	1	0	0	0	0	2	1	0	0	0	0	0	0	1	0	0	0	1	0	1	0	0	0	0	0	0	0	0	0	0	1	0	0	0	0	0	0	0	0	0	0	0	0	0	1	0	0	0	0	2	0	0	1	0	2	1	0	1	1	0	0	0	0	0	0	0	0	0	0	0	0	0	0	0	0	0	0	1	0	0	0	5	0	0	0	0	1	1	0	0
ELECTRIC CARS ARE TOO POWERFUL  - FIAT 124	0	0	0	1	0	1	0	0	2	0	1	0	1	0	0	0	1	4	0	0	0	0	0	0	2	0	0	0	0	3	0	0	0	0	0	0	0	0	0	0	1	0	0	1	0	1	0	0	0	0	0	2	0	0	2	0	0	2	1	2	1	0	1	4	1	0	0	0	0	0	1	1	0	0	0	0	1	0	2	0	0	0	0	0	0	0	0	0	0	0	0	1	0	0	0	0	0	0	0	0	0	0	0	0	1	0	0	0	1	0	3	0	0	0	0	0	2	2	0	0	0	0	0	0	0	1	0	0	2	0	0	0	1	2	0	0	0	0	0	0	1	0	0	0	0	0	5	0	0
Watch classic Volkswagens become beautiful electric cars	0	1	0	3	0	0	1	1	2	0	1	0	0	0	0	1	4	0	0	1	0	0	1	0	0	0	0	1	1	0	1	1	0	0	0	0	0	0	0	0	1	0	2	0	0	0	0	0	0	1	1	1	1	0	0	0	0	1	0	1	0	0	0	1	0	4	0	0	0	0	0	0	1	0	0	0	0	0	0	0	0	0	1	0	1	0	0	0	0	0	0	0	0	0	0	0	0	0	0	0	0	0	1	0	0	0	0	0	0	0	0	0	0	0	1	0	0	1	0	0	0	0	0	0	0	3	0	0	2	0	0	1	0	0	4	0	0	0	0	1	3	1	0	0	0	0	1	0	0
Electric Cars Of The Future	0	0	0	0	0	0	1	0	0	0	1	0	0	0	0	0	1	1	0	1	0	0	4	0	0	0	2	0	0	0	0	0	0	0	0	0	3	0	0	0	1	0	1	0	0	0	0	1	1	1	0	0	0	0	0	0	0	1	1	0	0	0	0	0	0	0	0	0	0	0	0	0	0	0	0	0	1	0	1	0	0	0	0	1	0	0	0	2	0	0	1	0	0	0	0	1	0	0	0	0	0	1	0	0	1	0	0	0	0	0	0	1	1	0	0	0	0	0	0	0	0	0	0	0	0	0	0	1	3	0	0	0	0	0	0	0	0	0	1	0	4	0	3	0	0	0	0	0	2
Electric Cars - How Much To Buy & Run vs Petrol	1	0	2	2	0	6	2	2	0	0	1	4	0	6	0	3	8	7	0	2	0	4	0	3	0	3	3	2	2	3	4	0	0	0	1	1	2	0	2	1	4	0	6	0	2	1	2	1	9	0	1	0	0	0	2	0	2	1	2	0	0	1	5	0	4	1	1	2	3	0	0	1	3	0	1	1	1	2	8	5	3	2	0	0	3	0	1	1	2	2	7	4	2	2	0	6	2	1	0	0	0	2	1	2	0	0	0	1	1	0	0	2	0	12	5	7	2	0	3	0	2	3	0	0	1	6	5	1	3	0	0	1	0	9	0	0	3	0	1	2	7	0	3	4	1	0	5	0	3
How to: charge an electric car	0	2	0	0	0	2	1	0	1	0	0	0	0	0	0	0	2	0	0	0	0	0	0	0	0	0	0	0	5	0	0	0	0	0	0	0	0	0	0	0	0	0	2	0	0	1	0	0	0	0	0	0	0	0	0	0	0	0	0	0	0	0	0	0	0	1	0	0	0	0	0	1	0	0	1	1	0	0	0	0	0	0	1	0	0	0	0	0	0	0	0	0	0	0	0	0	0	0	0	0	0	0	0	0	0	0	0	0	0	0	0	1	1	1	0	0	0	0	0	1	0	0	0	0	0	0	1	0	0	1	0	0	0	0	0	0	0	0	0	0	1	0	0	0	0	0	0	0	0
Electric cars: the ride of the future?	0	0	0	1	0	0	0	1	0	0	0	0	0	0	0	0	2	3	0	0	0	1	0	0	0	0	0	0	1	1	1	1	0	0	1	0	2	0	0	0	3	0	0	0	0	1	0	0	1	1	0	0	0	2	1	0	0	0	0	0	1	1	0	0	4	0	0	0	0	0	0	0	0	0	0	0	1	0	4	0	1	0	0	0	0	0	0	1	0	0	0	0	0	0	1	0	1	1	1	0	0	0	0	0	0	0	0	0	0	0	0	0	0	5	0	0	0	0	0	0	0	1	0	0	0	0	1	1	0	1	0	0	0	0	0	0	1	0	1	0	2	0	2	0	0	0	0	0	0
JAY LENO COMPARES NEW AND 100-YEAR OLD ELECTRIC CARS	2	0	0	1	1	0	1	0	1	0	0	0	0	1	1	0	14	2	0	0	0	2	0	0	0	0	0	0	0	1	0	0	1	0	1	0	2	0	4	0	5	0	4	0	0	1	0	1	1	0	2	1	2	0	1	0	0	2	0	0	0	0	4	0	0	0	0	4	5	0	0	0	3	0	0	0	2	0	1	0	0	1	2	1	1	1	2	0	0	0	0	0	1	0	0	1	0	1	2	0	0	1	0	1	0	0	1	0	0	0	1	0	0	7	1	0	0	0	2	0	0	1	1	0	0	1	4	0	0	0	0	0	0	2	2	0	0	1	1	0	9	1	2	0	0	0	2	0	1
Top 5 Fastest All-Electric Cars	0	0	0	0	0	0	0	1	0	0	0	0	0	0	0	0	2	0	0	0	0	0	0	0	0	0	2	0	0	6	0	0	0	0	0	0	0	0	0	0	1	2	2	0	0	1	0	0	0	0	0	0	1	0	0	0	0	0	0	1	1	0	0	1	0	0	2	0	0	0	0	0	0	0	0	0	1	0	1	0	0	0	0	1	0	2	0	0	1	1	0	0	0	0	0	0	2	1	1	0	0	1	0	0	0	0	0	0	0	0	0	2	0	1	0	0	1	0	0	1	0	1	0	0	0	0	0	0	0	0	0	0	0	0	1	0	0	0	0	0	2	0	2	0	1	2	1	0	0
Renault Zoe electric car review 2014 | TELEGRAPH CARS	1	0	0	2	2	0	0	1	0	0	0	0	2	0	0	0	3	0	1	0	0	0	0	4	1	1	1	0	2	2	0	0	0	0	0	1	0	1	1	1	1	0	1	0	0	0	0	0	0	0	0	0	1	0	1	0	0	2	0	0	0	0	2	0	1	0	0	0	0	0	1	0	0	0	0	0	0	0	0	0	0	0	0	0	0	0	0	0	0	0	0	0	0	0	0	0	1	0	0	0	0	0	0	0	0	0	0	0	2	0	0	0	0	5	0	0	0	1	3	0	0	1	0	0	0	0	0	1	0	0	0	1	0	0	3	0	0	0	1	0	4	0	0	0	0	1	1	1	0
Bet Car For kids: Electric cars kids	0	0	0	0	0	0	0	0	0	0	0	0	0	0	0	0	1	2	0	0	0	0	0	0	0	0	0	0	0	0	0	0	0	0	0	0	0	0	0	0	0	0	0	0	0	0	0	0	0	0	0	0	0	0	0	0	0	0	0	0	0	0	0	0	0	1	0	0	0	0	0	0	0	0	0	0	0	0	0	0	0	0	0	0	0	0	0	0	0	0	0	0	0	0	0	0	0	0	0	0	0	0	0	0	0	0	0	0	0	0	0	0	0	1	0	0	0	3	0	0	0	0	0	0	0	0	0	0	0	0	0	0	0	0	0	0	0	0	0	0	1	0	0	0	0	0	1	0	0
Electric Cars Aren't As Green As You Think	0	1	0	0	0	1	2	0	0	0	0	1	0	0	2	0	6	3	0	0	0	3	0	0	1	5	0	0	0	4	1	0	3	0	0	1	0	1	0	1	1	0	9	4	0	0	0	0	0	0	0	0	0	0	1	0	0	0	1	0	0	0	0	0	0	1	1	2	1	0	0	0	0	0	0	1	2	0	2	0	0	0	1	2	0	0	0	0	0	1	0	0	0	0	0	0	0	1	0	3	0	0	0	1	0	0	0	0	2	0	0	0	1	4	0	0	2	0	3	0	0	1	0	0	0	0	0	0	1	2	0	0	0	0	0	0	0	0	2	0	4	0	1	2	0	0	2	0	0
Cheaper than Tesla Model 3? Top 10 Alternative Electric Cars with Good Battery Range	0	1	0	0	0	4	2	2	1	0	0	2	0	0	0	0	4	0	0	1	1	2	2	1	0	0	6	0	0	3	0	0	0	0	1	3	0	0	17	0	0	0	2	0	0	0	0	3	4	2	0	2	0	0	0	6	3	0	0	1	0	0	1	3	0	3	1	0	0	1	0	2	2	0	3	0	1	0	1	0	0	1	1	0	0	0	0	2	1	0	0	1	3	0	0	1	0	1	0	0	1	1	3	1	0	0	0	4	2	0	1	1	0	3	2	0	1	0	1	0	0	0	0	0	1	0	3	0	1	0	0	0	1	10	0	4	0	0	0	0	4	0	1	1	0	2	1	2	0
Is This The Future Of Sports Cars? - Lotus Evora Electric Car Project With a Tesla Motor	0	0	0	1	0	1	1	3	4	0	5	0	0	0	2	0	5	8	0	0	0	2	1	3	1	0	0	3	1	6	0	1	1	1	0	2	0	0	0	1	3	0	1	0	1	3	0	0	0	1	0	1	0	0	0	0	0	2	0	1	0	4	1	3	0	0	0	1	0	0	1	0	1	0	2	0	1	0	7	0	0	1	3	0	0	0	0	1	0	0	0	0	0	0	2	1	0	0	1	0	3	0	0	0	0	0	0	0	0	0	0	0	1	5	1	0	1	2	0	0	1	1	2	3	0	0	0	0	0	0	0	1	4	3	0	0	0	0	0	0	3	0	1	0	2	1	0	1	0
Why Electric Cars Are Not The Answer | Tin Hat Ranch	0	0	0	0	1	3	5	0	1	0	7	0	0	0	0	1	7	4	0	0	0	0	0	2	0	0	0	4	1	1	1	1	7	0	0	0	6	0	0	2	1	0	2	0	1	0	1	2	1	0	0	0	0	2	1	1	1	0	4	1	0	0	4	0	0	0	1	9	0	0	0	0	0	1	0	0	3	0	4	0	0	0	1	2	1	0	0	1	1	1	0	0	3	0	0	0	1	1	2	1	1	0	1	2	0	1	0	0	3	0	0	0	3	7	0	0	1	2	0	0	0	1	0	0	0	0	0	0	4	0	2	0	0	0	0	0	4	0	1	0	6	0	0	0	0	0	1	0	0
5 Reasons To Buy An Electric Car	4	0	0	3	1	1	1	1	0	0	9	1	2	1	0	0	12	5	2	2	1	1	3	2	1	3	0	0	8	4	3	0	1	0	0	0	0	2	3	0	7	0	4	1	2	2	0	0	6	0	2	0	0	0	0	0	2	1	2	3	0	0	3	3	3	1	1	1	0	2	6	1	1	0	1	1	1	0	4	6	0	0	0	0	1	2	0	2	2	2	1	3	0	1	0	1	2	1	1	0	2	1	2	0	0	2	2	0	0	2	0	0	0	8	0	4	2	1	2	0	0	1	1	1	2	4	2	2	2	0	1	0	0	3	1	0	3	0	0	1	4	4	1	4	0	1	4	1	2
Do It Yourself Electric Cars	0	0	0	1	0	0	1	4	0	0	1	0	0	1	0	0	8	0	0	0	0	1	0	0	1	2	0	0	1	0	1	0	2	0	1	3	1	0	2	0	1	0	3	0	0	3	0	0	0	0	0	2	0	0	0	0	0	3	0	1	0	0	2	1	2	0	1	2	0	0	0	0	0	0	0	0	0	0	1	0	1	0	2	0	0	0	0	2	0	1	0	0	0	0	0	0	1	1	1	0	0	0	0	0	0	0	0	0	2	0	0	0	0	6	1	0	1	0	3	0	0	0	0	0	0	2	1	0	0	1	0	0	1	1	1	0	0	0	0	0	2	0	1	0	0	0	4	0	0
Would you buy an electric car? | Reader test team	0	0	2	5	3	0	0	1	0	0	9	1	2	1	2	2	6	2	2	0	0	1	0	1	4	5	1	0	9	5	1	1	2	2	0	4	0	2	5	0	7	0	5	2	0	0	0	7	2	1	1	1	0	0	1	0	1	2	0	1	0	1	1	0	1	0	0	1	0	0	0	1	1	1	1	0	3	0	2	7	1	2	1	1	1	1	0	1	2	2	7	0	3	1	0	3	1	2	1	2	1	1	2	0	1	0	1	0	1	5	0	3	0	10	2	1	0	0	4	0	1	0	1	0	0	2	6	2	1	4	0	0	1	6	5	0	0	0	2	3	1	0	4	0	3	4	8	1	0
Leasing and 2nd Hand Electric Cars | Fully Charged	1	0	0	0	1	3	4	2	6	0	0	3	0	2	0	2	4	9	1	0	0	1	0	4	1	1	5	0	3	2	2	0	1	0	1	0	0	0	1	2	3	0	3	0	0	0	0	1	2	0	0	0	0	0	0	1	1	0	0	0	2	0	3	0	0	1	1	0	0	2	0	0	1	0	0	0	1	0	6	0	0	0	0	1	1	0	0	1	0	1	0	1	0	0	0	1	0	0	0	0	0	0	1	1	0	0	0	0	1	0	0	0	0	9	4	2	0	1	3	1	0	0	0	0	0	1	3	0	0	0	0	0	0	14	0	0	0	1	0	0	5	3	2	0	0	0	3	0	0
The Round Up: 2016 Electric Cars	0	1	0	0	0	0	1	3	1	1	2	1	0	0	0	0	6	0	0	0	0	0	0	1	1	1	3	1	2	1	1	1	0	0	0	1	0	0	2	1	2	0	3	0	0	0	5	2	0	0	0	1	0	0	0	1	1	0	0	0	1	1	1	0	0	0	1	0	0	0	0	1	0	0	0	0	0	0	0	0	1	0	2	0	1	0	0	1	0	0	0	0	0	0	0	2	0	0	0	1	0	1	0	0	1	1	0	0	0	0	0	0	1	6	0	2	1	0	1	2	0	2	0	0	0	0	3	0	0	0	0	0	0	0	0	0	0	0	0	0	5	0	2	1	0	0	3	0	0
10 Electric Car Facts - WMNews Ep. 16	0	0	0	0	1	0	0	0	0	1	0	0	0	0	0	0	13	3	0	1	2	0	1	0	0	0	1	0	1	4	3	2	2	0	0	0	0	0	0	0	3	0	2	0	0	3	0	0	3	0	0	1	0	3	0	0	0	0	1	0	0	0	0	0	0	0	0	1	1	0	0	3	1	2	1	0	1	0	3	0	1	0	0	1	0	1	0	1	1	0	0	0	2	0	4	0	1	1	0	0	0	0	1	1	0	0	1	2	2	0	0	0	0	14	2	0	1	0	1	0	0	0	0	0	0	0	0	0	1	0	0	1	1	2	2	0	2	0	0	0	3	0	1	1	1	0	2	0	0
EV vs ICE Vehicles: Electric Cars Are Our Future and They're Greener than You Think	1	0	0	0	0	1	1	1	1	0	4	0	3	2	0	0	7	6	0	0	0	1	0	2	0	3	0	0	2	3	2	2	3	1	1	0	8	1	0	0	0	0	7	0	2	3	0	0	1	1	0	0	0	0	1	0	0	1	1	1	0	7	4	1	1	1	1	5	2	0	0	0	2	0	0	1	1	0	4	0	3	0	0	0	1	2	0	3	1	0	1	0	3	2	1	1	0	0	2	1	2	1	0	0	2	3	1	0	4	1	0	2	1	3	2	2	2	1	0	2	0	1	2	1	0	1	0	0	2	2	2	3	1	4	0	0	4	2	2	0	8	1	2	1	0	0	4	0	0
Big push for electric cars in China	0	0	0	1	0	0	0	1	0	6	0	0	2	0	0	0	5	1	1	0	1	0	0	0	0	0	2	0	1	3	1	0	0	2	1	0	0	0	0	0	0	2	1	0	0	0	0	0	0	0	1	1	0	0	0	0	0	0	0	2	0	0	0	0	0	0	1	0	0	0	0	0	0	0	0	0	0	0	0	0	0	0	3	0	0	1	0	0	0	0	0	0	0	0	0	0	0	1	0	0	0	0	0	0	0	0	0	0	2	0	0	0	0	6	1	0	1	0	1	0	0	0	0	0	0	0	0	0	0	0	0	1	0	3	0	2	0	0	1	1	4	1	0	0	0	0	0	0	0
